88
100
201
431
853
1155
1683
1751
1904
2013
2252
2323
2637
2888
2903
2916
2952
3173
3712
3733
3737
3852
3889
3908
4134
4515
4546
4619
4665
4759
4825
4907
5072
5195
5358
5845
6012
6223
6413
6567
6571
6624
6851
7063
7233
7286
7340
7475
7533
7546
7668
7816
7963
8044
8188
8191
8249
8454
8459
8536
8543
8754
9196
9208
9274
9312
9525
9593
9619
9631
9696
9878
9986
10012
10016
10619
10670
11018
11475
11668
11760
12033
12311
12396
12636
12844
13034
13152
13172
13364
13833
14561
14973
15470
15809
15996
15999
16004
16220
16245
16601
17037
17145
17267
17608
17617
17628
17679
17840
18392
18474
18482
18486
18695
18729
18834
18921
18959
19020
19250
19404
19933
20148
20232
20242
20307
20415
20897
21088
21131
21207
21275
21726
21777
21782
21813
21892
21909
21917
21980
22047
22195
22258
22329
23315
23639
23812
24376
24687
24822
25387
25399
25437
25517
25793
25871
26283
26452
26453
26570
26693
26826
26873
27010
27358
27429
27601
28051
28117
28219
28227
29070
30660
30765
31468
32169
32201
32513
32979
33244
33471
33838
33876
33883
34098
34136
34289
34314
34349
34495
34768
34987
35059
35231
35297
35365
35456
35624
35653
35805
36024
36039
36078
36079
36093
36427
36434
36553
36593
36636
36657
36667
36679
36696
36722
36726
36729
36764
36773
36783
36797
36867
36875
36896
36962
37034
37090
37096
37099
37164
37324
37833
38041
38234
38462
38552
38595
38606
38652
38824
38888
38994
39023
39026
39059
39086
39190
39344
39471
39599
39612
39647
39665
39811
39844
40090
40242
40243
40255
40363
40416
40548
40605
40675
40947
40988
41099
41136
41149
41186
41187
41305
41449
41518
41715
41769
41775
42047
42126
42211
42388
42459
42516
42700
42999
43088
43158
43235
43291
43305
43366
43370
43599
43704
43720
43831
44070
44959
45139
